0
0.003
0.0
1.201e+007
15871.04603
20718.39053
24862.15806
27912.34324
29850.45602
30916.89706
31428.29527
31647.02523
31739.30152
31790.52175
31836.13347
31887.07808
31946.59499
32020.06393
32118.78625
32258.81104
32457.25077
32728.78035
33083.77921
33528.09763
34063.69421
34689.52911
35402.71199
36200.24177
37081.10351
38047.42518
39103.2934
40251.54674
41491.22432
42818.77596
44233.16195
45740.275
47349.9583
49062.56106
50850.1207
52643.91117
54339.16083
55818.49741
56984.17444
57783.75006
58218.4256
58333.76802
58201.02733
57898.6615
57499.40638
57063.30309
56634.88946
56242.96751
55902.11198
55615.4813
55378.70927
55184.80333
55029.89013
54919.35136
54873.33974
54929.3381
55137.50685
55544.60775
56167.69629
56968.59009
57846.39561
58659.24435
59268.7549
59584.68822
59586.6421
59315.10918
58842.71791
58244.26836
57578.7011
56885.15211
56187.51273
55500.53944
54833.47037
54190.85131
53572.55044
52975.04649
52394.54745
51830.6219
51288.14197
50776.08858
50303.68643
49876.09685
49492.21249
49145.70843
48828.43926
48534.02302
48259.74732
48006.25764
47775.74698
47569.85868
47388.28522
47228.50743
47086.59005
46958.56389
46841.7544
46735.50183
46641.00231
46560.3444
46495.11447
46445.13977
46407.94015
46379.16342
46353.75564
46327.20555
46296.25532
46258.96894
46214.55345
46163.38735
46107.30572
46049.73814
45995.23429
45948.31607
45912.13342
45887.63335
45873.67245
45867.90042
45867.76099
45870.96999
45875.33567
45878.3789
45877.40438
45870.3002
45856.70069
45838.74966
45820.86345
45808.50249
45806.57662
45818.30524
45845.01239
45886.7238
45942.98775
46013.34664
46097.27177
46193.80819
46301.34363
46417.75538
46540.88971
46669.13484
46801.85928
46939.61682
47084.1145
47237.93489
47403.9685
47584.5629
47780.55257
47990.45592
48210.00772
48431.76489
48643.99827
48827.92762
48953.0248
48971.67851
48816.40845
48403.83084
47648.3889
46484.98152
44894.2962
42920.79202
40673.92782
38309.23564
35994.59553
33873.76609
32040.02028
30527.40616
29319.10605
28366.0937
27607.4364
26985.80796
26455.75316
25985.59738
25555.47562
25153.93015
24774.69534
24414.38627
24071.1823
23744.27633
23433.75016
23140.55535
22866.38298
22613.35361
22383.59098
22178.80389
21999.97148
21847.13953
21719.25182
21613.91562
21527.05488
21452.51646
21381.8156
21304.27529
21207.78102
21080.21873
20911.41772
20695.168
20430.73569
20123.35696
19783.46374
19424.79705
19061.93594
18707.96572
18372.98749
18064.06359
17787.31267
17553.65457
17391.57612
17373.26233
17663.41299
18599.89362
20806.62075
25316.17255
33642.65847
47708.02568
69517.4726
100537.7056
140868.5759
188473.9924
238854.3594
285490.578
321128.3508
339589.8681
337493.691
315223.577
276767.0832
228511.6541
177495.9864
129766.5006
89340.7781
57952.99551
35438.1208
20439.27385
11124.79572
5717.180594
2775.656137
1273.71621
552.7527032
226.9690227
88.22759802
32.48384168
11.33382543
3.749308961
1.176546567
0.350401564
0.099091425
0.026621444
0.00679772
0.001650593
0.000381302
8.3841E-05
1.75552E-05
3.50203E-06
6.65883E-07
1.20737E-07
2.08855E-08
3.44833E-09
5.43655E-10
8.1881E-11
1.17863E-11
1.62219E-12
2.13569E-13
2.69076E-14
3.24562E-15
3.74965E-16
4.15084E-17
4.40467E-18
4.48231E-19
4.37603E-20
4.10038E-21
3.68899E-22
3.1879E-23
2.6472E-24
2.11312E-25
1.62213E-26
1.19795E-27
8.51429E-29
5.82614E-30
3.83972E-31
2.43817E-32
1.49223E-33
8.80592E-35
5.0123E-36
2.75283E-37
1.45934E-38
7.47002E-40
3.69341E-41
1.76451E-42
8.1482E-44
3.63821E-45
1.57126E-46
6.56587E-48
2.65558E-49
1.03991E-50
3.94405E-52
1.44924E-53
5.16089E-55
1.78172E-56
5.96508E-58
1.93729E-59
6.10527E-61
1.8676E-62
5.54703E-64
1.60018E-65
4.48471E-67
1.22148E-68
3.23412E-70
8.32657E-72
2.08517E-73
5.0805E-75
1.20472E-76
2.78097E-78
6.25119E-80
1.36869E-81
2.91969E-83
6.06988E-85
1.23013E-86
2.43086E-88
4.68519E-90
8.80974E-92
1.61652E-93
2.89527E-95
5.06291E-97
8.6462E-99
1.4423E-100
2.3509E-102
3.7449E-104
5.8315E-106
8.8791E-108
1.3222E-109
1.9261E-111
2.7455E-113
3.83E-115
5.2304E-117
6.9939E-119
9.1592E-121
1.175E-122
1.4769E-124
1.8194E-126
2.1969E-128
2.6009E-130
3.0197E-132
3.4388E-134
3.842E-136
4.2121E-138
4.5324E-140
4.7876E-142
4.9656E-144
5.058E-146
5.0607E-148
4.9747E-150
4.8053E-152
4.5621E-154
4.2578E-156
3.9071E-158
3.5259E-160
3.1296E-162
2.7329E-164
2.3481E-166
1.9856E-168
1.6526E-170
1.3542E-172
1.0927E-174
8.6829E-177
6.7964E-179
5.2409E-181
3.9823E-183
2.9821E-185
2.2012E-187
1.6018E-189
1.1493E-191
8.1322E-194
5.6756E-196
3.9077E-198
2.6545E-200
1.7795E-202
1.1773E-204
7.689E-207
4.9577E-209
3.1564E-211
1.9846E-213
1.2325E-215
7.5616E-218
4.5834E-220
2.7453E-222
1.6251E-224
9.5091E-227
5.5005E-229
3.1458E-231
1.7791E-233
9.9511E-236
5.5055E-238
3.0132E-240
1.6317E-242
8.7435E-245
4.6368E-247
2.4339E-249
1.2647E-251
6.5062E-254
3.3143E-256
1.6719E-258
8.3536E-261
4.1344E-263
2.0271E-265
9.8477E-268
4.7406E-270
2.2616E-272
1.0694E-274
5.0128E-277
2.3294E-279
1.0733E-281
4.9039E-284
2.2221E-286
9.9868E-289
4.4523E-291
1.9692E-293
8.6415E-296
3.7629E-298
1.6261E-300
6.9743E-303
2.9692E-305
1.2549E-307
0
0
0
0
0
0
0
0
0
0
0
0
0
0
0
0
0
0
0
0
0
0
0
0
0
0
0
0
0
0
0
0
0
0
0
0
0
0
0
0
0
0
0
0
0
0
0
0
0
0
0
0
0
0
0
0
0
0
0
0
0
0
0
0
0
0
0
0
0
0
0
0
0
0
0
0
0
0
0
0
0
0
0
0
0
0
0
0
0
0
0
0
0
0
0
0
0
0
0
0
0
0
0
0
0
0
0
0
0
0
0
0
0
0
0
0
0
0
0
0
0
0
0
0
0
0
0
0
0
0
0
0
0
0
0
0
0
0
0
0
0
0
0
0
0
0
0
0
0
0
0
0
0
0
0
0
0
0
0
0
0
0
0
0
0
0
0
0
0
0
0
0
0
0
0
0
0
0
0
0
0
0
0
0
0
0
0
0
0
0
0
0
0
0
0
0
0
0
0
0
0
0
0
0
0
0
0
0
0
0
0
0
0
0
0
0
0
0
0
0
0
0
0
0
0
0
0
0
0
0
0
0
0
0
0
0
0
0
0
0
0
0
0
0
0
0
0
0
0
0
0
0
0
0
0
0
0
0
0
0
0
0
0
0
0
0
0
0
0
0
0
0
0
0
0
0
0
0
0
0
0
0
0
0
0
0
0
0
0
0
0
0
0
0
0
0
0
0
0
0
0
0
0
0
0
0
0
0
0
0
0
0
0
0
0
0
0
0
0
0
0
0
0
0
0
0
0
0
0
0
0
0
0
0
0
0
0
0
0
0
0
0
0
0
0
0
0
0
0
0
0
0
0
0
0
0
0
0
0
0
0
0
0
0
0
0
0
0
0
0
0
0
0
0
0
0
0
0
0
0
0
0
0
0
0
0
0
0
0
0
0
0
0
0
0
0
0
0
0
0
0
0
0
0
0
0
0
0
0
0
0
0
0
0
0
0
0
0
0
0
0
0
0
0
0
0
0
0
0
0
0
0
0
0
0
0
0
0
0
0
0
0
0
0
0
0
0
0
0
0
0
0
0
0
0
0
0
0
0
0
0
0
0
0
0
0
0
0
0
0
0
0
0
0
0
0
0
0
0
0
0
0
0
0
0
0
0
0
0
0
0
0
0
0
0
0
0
0
0
0
0
0
0
0
0
0
0
0
0
0
0
0
0
0
0
0
0
0
0
0
0
0
0
0
0
0
0
0
0
0
0
0
0
0
0
0
0
0
0
0
0
0
0
0
0
0
0
0
0
0
0
0
0
0
0
0
0
0
0
0
0
0
0
0
0
0
0
0
0
0
0
0
0
0
0