0
0.003
0.0
1.201e+007
10174.68212
13319.45988
16046.28773
18109.32527
19492.33025
20335.96765
20823.69295
21103.90396
21269.59896
21372.36056
21441.37999
21494.20422
21540.55059
21584.88937
21630.67508
21685.04153
21761.1275
21876.472
22048.33471
22288.2987
22598.51662
22971.15706
23391.51351
23843.81316
24317.30272
24809.70932
25326.4387
25876.27649
26466.18814
27097.8437
27767.13583
28466.5362
29189.25378
29933.4394
30704.02932
31510.07315
32357.27123
33238.36131
34126.20197
34974.17856
35725.41377
36327.65176
36747.48223
36977.99189
37037.53906
36961.4944
36791.1184
36563.79302
36307.35956
36039.13511
35768.10335
35497.8883
35228.95345
34960.07702
34689.89513
34418.66757
34149.50747
33888.33469
33642.66897
33420.09415
33227.30193
33070.38653
32956.77868
32898.50887
32915.01339
33032.17213
33274.56152
33651.41806
34142.2891
34691.60522
35218.45158
35639.22637
35892.57838
35954.50684
35837.90106
35579.8921
35225.60625
34815.81323
34381.19532
33941.79876
33508.8861
33087.26864
32677.49256
32277.87461
31886.33699
31501.77405
31124.65417
30756.78043
30400.48225
30057.77071
29729.95725
29417.89552
29122.60654
28845.88725
28590.62108
28360.65504
28160.0663
27991.54942
27853.92548
27739.60073
27633.69783
27516.5362
27369.54113
27182.24993
26956.71899
26706.72732
26452.18493
26211.88041
25998.18371
25815.51493
25661.95744
25532.07572
25419.27331
25317.12999
25220.04512
25123.70138
25025.54474
24925.10812
24823.88819
24724.6356
24630.20003
24542.32426
24460.88209
24383.92274
24308.53389
24232.12078
24153.46227
24073.02187
23992.41937
23913.45023
23837.26833
23764.18077
23694.06405
23626.99958
23563.61564
23504.87034
23451.43275
23403.11687
23358.78797
23316.82263
23275.81353
23235.0566
23194.54479
23154.5559
23115.17205
23076.03737
23036.4241
22995.46211
22952.35276
22906.50863
22857.68097
22806.13355
22752.81115
22699.35126
22647.81185
22600.13962
22557.58674
22520.36836
22487.77561
22458.74895
22432.68267
22410.08258
22392.70284
22382.95103
22382.63592
22391.46645
22405.9668
22419.48192
22423.59108
22410.59604
22376.12522
22320.70135
22249.55268
22170.79334
22092.85795
22022.31041
21962.78387
21915.14325
21878.40955
21850.80407
21830.44561
21815.56966
21804.41712
21795.05038
21785.30618
21772.97023
21756.13763
21733.63937
21705.37563
21672.40271
21636.68768
21600.5702
21566.10889
21534.56107
21506.19264
21480.45685
21456.40871
21433.13833
21410.05141
21386.9498
21363.97654
21341.52094
21320.13418
21300.44306
21283.02937
21268.28014
21256.27293
21246.78352
21239.45847
21234.10132
21230.93335
21230.66753
21234.29778
21242.63103
21255.71922
21272.42394
21290.33093
21306.12118
21316.33386
21318.28686
21310.83035
21294.65071
21272.01119
21246.03881
21219.8399
21195.76888
21175.0768
21157.98865
21144.09013
21132.81486
21123.83083
21117.2062
21113.33991
21112.72926
21115.68637
21122.10806
21131.36317
21142.3152
21153.46463
21163.18033
21169.9846
21172.84895
21171.44484
21166.28464
21158.69925
21150.63565
21144.31095
21141.80635
21144.70215
21153.8375
21169.23428
21190.17658
21215.40316
21243.35878
21272.45644
21301.3165
21328.9614
21354.95581
21379.49275
21403.43721
21428.3437
21456.45203
21490.63207
21534.20367
21590.53203
21662.33041
21750.71251
21854.20389
21968.07358
22084.38082
22192.97906
22283.3952
22347.13026
22379.68707
22381.6595
22358.5282
22319.26626
22274.25772
22233.20252
22203.57837
22189.94006
22194.01357
22215.31991
22251.99719
22301.55217
22361.39637
22429.13926
22502.68742
22580.22817
22660.17374
22741.12193
22821.86315
22901.43569
22979.20648
23054.93846
23128.80368
23201.31558
23273.18022
23345.09606
23417.55162
23490.67351
23564.15999
23637.30552
23709.08913
23778.27564
23843.46829
23903.05614
23955.01586
23996.55598
24023.63425
24030.43881
24008.99307
23949.1017
23838.86194
23665.88605
23419.20402
23091.57546
22681.71406
22195.81796
21647.87892
21058.51866
20452.4945
19855.39292
19290.25275
18774.85176
18320.16658
17930.1695
17602.7837
17331.58561
17107.76621
16921.92675
16765.433
16631.22028
16514.082
16410.56147
16318.60107
16237.09559
16165.46429
16103.31387
16050.22339
16005.64861
15968.92061
15939.3016
15916.05942
15898.52749
15886.12869
15878.35545
15874.71216
15874.63609
15877.41736
15882.13656
15887.63205
15892.50033
15895.12581
15893.72954
15886.42182
15871.23688
15846.12212
15808.85202
15756.84608
15686.89564
15594.84792
15475.34629
15321.76653
15126.49496
14881.65033
14580.25737
14217.76141
13793.67952
13313.17171
12788.43125
12240.04151
11698.77169
11208.56009
10831.47248
10655.01896
10801.20948
11435.13862
12769.01384
15056.03823
18568.38083
23555.56453
30184.43308
38468.85158
48204.57589
58929.41787
69928.03236
80292.81659
89038.53851
95252.17085
98246.49485
97681.45329
93623.4411
86528.26048
77153.33975
66422.44636
55275.98932
44539.69212
34835.2459
26542.62385
19810.01006
14597.67425
10738.33336
7998.072308
6126.780115
4892.935606
4102.582479
3605.506526
3292.879944
3090.441296
2950.299859
2843.2716
2752.639964
2669.539833
2589.784173
2511.810523
2435.423677
2361.075382
2289.504908
2221.645352
2158.776434
2102.98025
2058.036081
2030.969765
2034.531705
2090.873362
2236.561526
2528.741776
3051.690234
3922.20212
5291.408676
7339.995446
10263.83656
14248.17718
19430.89626
25858.84431
33445.00705
41937.06061
50908.40067
59780.00182
67875.48751
74503.76104
79055.66253
81095.91115
80431.01441
77138.44183
71551.03505
64200.86779
55735.6001
46825.37186
38078.38344
29979.03554
22855.59742
16877.08702
12073.31982
8369.016832
5622.567628
3661.854733
2312.421446
1416.20183
841.333059
484.9391492
271.2528757
147.2719559
77.62732033
39.73266133
19.75187657
9.538614215
4.475756234
2.040982271
0.904670843
0.38985835
0.163370542
0.066585022
0.026399756
0.010184225
0.003823352
0.001397115
0.00049702
0.000172167
5.80826E-05
1.9087E-05
6.11097E-06
1.90652E-06
5.79707E-07
1.71828E-07
4.96562E-08
1.39935E-08
3.84619E-09
1.03124E-09
2.69771E-10
6.88668E-11
1.71585E-11
4.17329E-12
9.91018E-13
2.29807E-13
5.20471E-14
1.15148E-14
2.48892E-15
5.25697E-16
1.08518E-16
2.18968E-17
4.31958E-18
8.33212E-19
1.57178E-19
2.90017E-20
5.23497E-21
9.24559E-22
1.59791E-22
2.70294E-23
4.47562E-24
7.25552E-25
1.15173E-25
1.79045E-26
2.72628E-27
4.0667E-28
5.94346E-29
8.51191E-30
1.19473E-30
1.64372E-31
2.21702E-32
2.93193E-33
3.80226E-34
4.83613E-35
6.03368E-36
7.3851E-37
8.8691E-38
1.04523E-38
1.20897E-39
1.37261E-40
1.52992E-41
1.67431E-42
1.79931E-43
1.89907E-44
1.96877E-45
2.00506E-46
2.00629E-47
1.97264E-48
1.90612E-49
1.81032E-50
1.69011E-51
1.55128E-52
1.4E-53
1.24248E-54
1.08449E-55
9.31081E-57
7.86378E-58
6.53446E-59
5.34286E-60
4.29909E-61
3.40463E-62
2.65402E-63
2.03672E-64
1.53887E-65
1.1449E-66
8.38834E-68
6.05311E-69
4.30253E-70
3.01274E-71
2.07845E-72
1.41289E-73
9.46485E-75
6.24892E-76
4.06658E-77
2.60876E-78
1.64993E-79
1.02889E-80
6.32697E-82
3.83696E-83
2.29504E-84
1.3541E-85
7.88157E-87
4.52608E-88
2.56462E-89
1.43404E-90
7.91364E-92
4.31038E-93
2.31751E-94
1.2301E-95
6.44626E-97
3.33558E-98
1.7044E-99
8.6011E-101
4.287E-102
2.1107E-103
1.0266E-104
4.9329E-106
2.3421E-107
1.0988E-108
5.0946E-110
2.3346E-111
1.0574E-112
4.7344E-114
2.0956E-115
9.1711E-117
3.9685E-118
1.6982E-119
7.1863E-121
3.0078E-122
1.2452E-123
5.0994E-125
2.066E-126
8.2815E-128
3.2846E-129
1.2891E-130
5.007E-132
1.9247E-133
7.3233E-135
2.7582E-136
1.0284E-137
3.7961E-139
1.3874E-140
5.0209E-142
1.7994E-143
6.3863E-145
2.2449E-146
7.8163E-148
2.6958E-149
9.211E-151
3.118E-152
1.0458E-153
3.4754E-155
1.1446E-156
3.7355E-158
1.2083E-159
3.874E-161
1.2312E-162
3.8787E-164
1.2114E-165
3.7513E-167
1.1518E-168
3.5067E-170
1.0587E-171
3.17E-173
9.4139E-175
2.7729E-176
8.1018E-178
2.3482E-179
6.7522E-181
1.9263E-182
5.4525E-184
1.5314E-185
4.2683E-187
1.1806E-188
3.2409E-190
8.8302E-192
2.3881E-193
6.4109E-195
1.7085E-196
4.5202E-198
1.1874E-199
3.0968E-201
8.02E-203
2.0625E-204
5.2675E-206
1.3361E-207
3.3657E-209
8.4217E-211
2.0932E-212
5.168E-214
1.2676E-215
3.089E-217
7.4787E-219
1.7991E-220
4.3006E-222
1.0216E-223
2.4115E-225
5.6574E-227
1.3191E-228
3.0572E-230
7.0426E-232
1.6127E-233
3.6712E-235
8.3085E-237
1.8694E-238
4.1821E-240
9.3027E-242
2.0576E-243
4.5258E-245
9.8995E-247
2.1535E-248
4.6592E-250
1.0026E-251
2.1461E-253
4.5693E-255
9.678E-257
2.0392E-258
4.2747E-260
8.9152E-262
1.85E-263
3.8198E-265
7.8479E-267
1.6045E-268
3.2645E-270
6.6101E-272
1.3321E-273
2.6718E-275
5.334E-277
1.06E-278
2.0967E-280
4.1288E-282
8.0938E-284
1.5796E-285
3.0693E-287
5.9381E-289
1.1439E-290
2.1941E-292
4.1907E-294
7.971E-296
1.5099E-297
2.8483E-299
5.3515E-301
1.0014E-302
1.8665E-304
3.4617E-306
6.4021E-308
0
0
0
0
0
0
0
0
0
0
0
0
0
0
0
0
0
0
0
0
0
0
0
0
0
0
0
0
0
0
0
0
0
0
0
0
0
0
0
0
0
0
0
0
0
0
0
0
0
0
0
0
0
0