0
0.1
0
0
0.1
0.1
0.1
0.1
0.1
0.2
0.2
0.2
0.3
0.3
0.4
0.5
0.6
0.7
0.8
1.0
1.1
1.3
1.6
1.8
2.1
2.5
2.9
3.4
3.9
4.6
5.3
6.1
7.0
8.1
9.3
10.6
12.2
13.9
15.8
18.0
20.4
23.1
26.0
29.4
33.0
37.1
41.5
46.5
51.9
57.8
64.2
71.2
78.9
87.1
96.1
105.7
116.1
127.3
139.3
152.0
165.7
180.2
195.5
211.7
228.9
246.9
265.8
285.6
306.2
327.7
350.0
373.1
396.9
421.3
446.4
472.0
498.1
524.6
551.4
578.4
605.5
632.6
659.6
686.4
712.8
738.8
764.2
788.9
812.7
835.6
857.5
878.1
897.5
915.4
931.9
946.7
959.9
971.3
980.8
988.5
994.3
998.0
999.8
999.6
997.4
993.3
987.1
979.1
969.1
957.4
943.9
928.7
912.0
893.7
874.1
853.2
831.1
808.0
784.0
759.1
733.6
707.5
681.0
654.2
627.2
600.0
572.9
546.0
519.3
492.8
466.8
441.3
416.4
392.1
368.4
345.5
323.4
302.1
281.6
262.0
243.2
225.4
208.4
192.4
177.2
162.9
149.4
136.8
125.0
114.0
103.8
94.2
85.4
77.3
69.8
62.9
56.5
50.7
45.4
40.6
36.2
32.3
28.7
25.4
22.5
19.9
17.5
15.4
13.5
11.8
10.4
9.0
7.9
6.8
5.9
5.1
4.4
3.8
3.3
2.8
2.4
2.1
1.8
1.5
1.3
1.1
0.9
0.8
0.7
0.6
0.5
0.4
0.4
0.3
0.3
0.2
0.2
0.2
0.2
0.2
0.2
0.2
0.2
0.3
0.3
0.3
0.4
0.5
0.5
0.6
0.8
0.9
1.1
1.2
1.5
1.7
2.0
2.4
2.7
3.2
3.7
4.3
5.0
5.8
6.7
7.7
8.8
10.1
11.5
13.2
15.0
17.1
19.4
21.9
24.8
28.0
31.5
35.4
39.7
44.4
49.6
55.3
61.6
68.3
75.7
83.7
92.4
101.8
111.9
122.7
134.4
146.8
160.1
174.3
189.3
205.1
221.9
239.6
258.1
277.6
297.9
319.0
341.0
363.8
387.3
411.5
436.3
461.7
487.6
513.9
540.6
567.5
594.6
621.7
648.8
675.7
702.3
728.4
754.1
779.1
803.3
826.6
848.9
870.0
889.9
908.4
925.5
941.0
954.8
966.9
977.2
985.7
992.2
996.8
999.4
1000.0
998.6
995.2
989.8
982.5
973.3
962.3
949.5
935.0
918.8
901.2
882.1
861.7
840.1
817.4
793.7
769.2
743.9
718.0
691.7
665.0
638.0
610.9
583.8
556.7
529.9
503.4
477.2
451.5
426.3
401.7
377.8
354.6
332.1
310.5
289.7
269.7
250.6
232.4
215.1
198.7
183.2
168.5
154.7
141.8
129.6
118.3
107.8
98.0
88.9
80.5
72.7
65.6
59.0
53.0
47.5
42.5
37.9
33.8
30.1
26.7
23.6
20.9
18.4
16.2
14.2
12.5
10.9
9.6
8.3
7.2
6.3
5.4
4.7
4.1
3.5
3.0
2.6
2.2
1.9
1.6
1.4
1.2
1.0
0.9
0.7
0.6
0.5
0.5
0.4
0.4
0.4
0.3
0.3
0.3
0.3
0.4
0.4
0.5
0.5
0.6
0.7
0.8
0.9
1.1
1.3
1.5
1.8
2.1
2.4
2.8
3.3
3.8
4.4
5.1
5.9
6.8
7.9
9.0
10.4
11.8
13.5
15.4
17.5
19.9
22.5
25.4
28.7
32.3
36.2
40.6
45.4
50.7
56.5
62.9
69.8
77.3
85.4
94.2
103.8
114.0
125.0
136.8
149.4
162.9
177.2
192.4
208.4
225.4
243.2
262.0
281.6
302.1
323.4
345.5
368.4
392.1
416.4
441.3
466.8
492.8
519.3
546.0
572.9
600.0
627.2
654.2
681.0
707.5
733.6
759.1
784.0
808.0
831.1
853.2
874.1
893.7
912.0
928.7
943.9
957.4
969.1
979.1
987.1
993.3
997.4
999.6
999.8
998.0
994.3
988.5
980.8
971.3
959.9
946.7
931.9
915.4
897.5
878.1
857.5
835.6
812.7
788.9
764.2
738.8
712.8
686.4
659.6
632.6
605.5
578.4
551.4
524.6
498.1
472.0
446.4
421.3
396.9
373.1
350.0
327.7
306.2
285.6
265.8
246.9
228.9
211.7
195.5
180.2
165.7
152.0
139.3
127.3
116.1
105.7
96.1
87.1
78.9
71.2
64.2
57.8
51.9
46.5
41.5
37.1
33.0
29.4
26.0
23.1
20.4
18.0
15.8
13.9
12.2
10.6
9.3
8.1
7.0
6.1
5.3
4.6
4.0
3.4
2.9
2.5
2.2
1.9
1.6
1.4
1.2
1.0
0.9
0.8
0.7
0.6
0.6
0.6
0.5
0.6
0.6
0.6
0.7
0.7
0.8
1.0
1.1
1.3
1.5
1.7
2.0
2.4
2.8
3.2
3.7
4.3
5.0
5.8
6.7
7.7
8.8
10.1
11.5
13.2
15.0
17.1
19.4
21.9
24.8
28.0
31.5
35.4
39.7
44.4
49.6
55.3
61.6
68.3
75.7
83.7
92.4
101.8
111.9
122.7
134.4
146.8
160.1
174.3
189.3
205.1
221.9
239.6
258.1
277.6
297.9
319.0
341.0
363.8
387.3
411.5
436.3
461.7
487.6
513.9
540.6
567.5
594.6
621.7
648.8
675.7
702.3
728.4
754.1
779.1
803.3
826.6
848.9
870.0
889.9
908.4
925.5
941.0
954.8
966.9
977.2
985.7
992.2
996.8
999.4
1000.0
998.6
995.2
989.8
982.5
973.3
962.3
949.5
935.0
918.8
901.2
882.1
861.7
840.1
817.4
793.7
769.2
743.9
718.0
691.7
665.0
638.0
610.9
583.8
556.7
529.9
503.4
477.2
451.5
426.3
401.7
377.8
354.6
332.1
310.5
289.7
269.7
250.6
232.4
215.1
198.7
183.2
168.5
154.7
141.8
129.6
118.3
107.8
98.0
88.9
80.5
72.7
65.6
59.0
53.0
47.5
42.5
37.9
33.8
30.1
26.7
23.6
20.9
18.4
16.2
14.3
12.5
10.9
9.6
8.3
7.3
6.3
5.5
4.7
4.1
3.5
3.1
2.6
2.3
2.0
1.7
1.5
1.3
1.2
1.1
1.0
0.9
0.9
0.9
0.9
1.0
1.1
1.2
1.3
1.5
1.7
1.9
2.2
2.6
3.0
3.4
4.0
4.6
5.3
6.1
7.1
8.1
9.3
10.7
12.2
13.9
15.8
18.0
20.4
23.1
26.0
29.4
33.0
37.1
41.5
46.5
51.9
57.8
64.2
71.2
78.9
87.1
96.1
105.7
116.1
127.3
139.3
152.0
165.7
180.2
195.5
211.7
228.9
246.9
265.8
285.6
306.2
327.7
350.0
373.1
396.9
421.3
446.4
472.0
498.1
524.6
551.4
578.4
605.5
632.6
659.6
686.4
712.8
738.8
764.2
788.9
812.7
835.6
857.5
878.1
897.5
915.4
931.9
946.7
959.9
971.3
980.8
988.5
994.3
998.0
999.8
999.6
997.4
993.3
987.1
979.1
969.1
957.4
943.9
928.7
912.0
893.7
874.1
853.2
831.1
808.0
784.0
759.1
733.6
707.5
681.0
654.2
627.2
600.0
572.9
546.0
519.3
492.8
466.8
441.3
416.4
392.1
368.4
345.5
323.4
302.1
281.6
262.0
243.2
225.4
208.4
192.4
177.2
162.9
149.4
136.8
125.0
114.0
103.8
94.2
85.4
77.3
69.8
62.9
56.5
50.7
45.4
40.6
36.2
32.3
28.7
25.4
22.5
19.9
17.5
15.4
13.5
11.8
10.4
9.0
7.9
6.8
5.9
5.1
4.4
3.8
3.3
2.8
2.4
2.1
1.8
1.5
1.3
1.1
0.9
0.8
0.7
0.6
0.5
0.4
0.3
0.3
0.2
0.2
0.2
0.1
0.1
0.1
0.1
0.1
0.0
0.0
0.0
0.0
0.0
0.0
0.0
0.0
0.0
0.0
0.0
0.0
0.0
0.0
0.0
0.0
0.0
0.0
0.0
0.0
0.0
0.0
0.0
0.0
0.0
0.0
0.0
0.0
0.0
0.0
0.0
0.0
0.0
0.0
0.0
0.0
0.0
0.0
0.0
0.0
0.0
0.0
0.0
0.0
0.0
0.0
0.0
0.0
0.0
0.0
0.0
0.0
0.0
0.0
0.0
0.0
0.0
0.0
0.0
0.0
0.0
0.0
0.0
0.0
0.0
0.0