0
0.003
0
0
2333.64909034
2935.37282896
3476.44360539
3914.71427772
4235.24643992
4447.64751779
4575.8447875
4646.94789838
4683.92313577
4703.04597817
4714.52856358
4724.28607141
4735.6374246
4750.61589599
4770.92789533
4798.55711458
4835.9205472
4885.5594894
4949.55802229
5029.04265842
5124.08013198
5234.05440721
5358.31470652
5496.7338991
5649.89698318
5818.87947993
6004.79409213
6208.34369762
6429.52348386
6667.46639786
6920.31774533
7185.00189013
7456.82983851
7729.08548717
7992.92723269
8237.97507567
8453.70540502
8631.34513193
8765.6294232
8855.80565808
8905.61231026
8922.37494981
8915.58162931
8895.28420919
8870.57667684
8848.36923495
8832.68654216
8824.65155906
8823.13312196
8825.83454922
8830.50800206
8836.0197553
8843.09069676
8854.61228349
8875.45525826
8911.65569751
8968.85178485
9050.00744188
9152.91364642
9268.54400202
9381.54310217
9473.45053311
9527.83430946
9535.21978115
9495.57032114
9417.32041145
9313.74070668
9198.54305357
9082.54287175
8972.24119349
8870.15364403
8776.14526926
8688.98729799
8607.5995686
8531.73940515
8462.12553523
8400.12363226
8347.18564407
8304.25160749
8271.30851772
8247.25991552
8230.17863416
8217.88327818
8208.6266135
8201.59357603
8196.96406747
8195.50746713
8197.93100504
8204.33770087
8214.06700224
8225.94876057
8238.7654867
8251.6372416
8264.14209167
8276.16662737
8287.62337973
8298.21303771
8307.35811802
8314.33192011
8318.49893406
8319.52155982
8317.41296524
8312.41816109
8304.81631642
8294.77751028
8282.35276454
8267.57584931
8250.58430378
8231.66884892
8211.22232004
8189.63017911
8167.17408256
8143.9944001
8120.10899268
8095.46079802
8069.98076477
8043.67294397
8016.71343761
7989.50805368
7962.63061496
7936.61516897
7911.681776
7887.55168132
7863.47752917
7838.48724875
7811.71022009
7782.62015644
7751.11007824
7717.43678097
7682.13481153
7645.96328767
7609.86511689
7574.87898728
7541.99073989
7511.9901629
7485.41868711
7462.61776262
7443.78393044
7428.91279749
7417.6111179
7408.90112302
7401.20872646
7392.64868791
7381.54128511
7366.93796373
7348.89967879
7328.37357471
7306.67872022
7284.74576034
7262.30841044
7237.23180883
7205.13667409
7159.47831191
7092.24832545
6995.40515304
6862.92311526
6692.99230242
6489.58110042
6262.55954076
6026.0293837
5795.26857671
5583.35669577
5398.69398735
5244.16440873
5117.91687646
5015.10920435
4929.77742982
4856.2372541
4789.83773142
4727.20143517
4666.18436194
4605.72449057
4545.64331648
4486.40856463
4428.86940049
4373.99653004
4322.66013023
4275.45737126
4232.58585382
4193.77013824
4158.27399067
4125.03638531
4092.9312571
4061.0832493
4029.11873835
3997.23531638
3966.04134519
3936.21706845
3908.12799918
3881.54122955
3855.55149715
3828.74339549
3799.53668166
3766.60937454
3729.27569433
3687.70984234
3642.94834797
3596.66731936
3550.80034041
3507.11225951
3466.85383243
3430.59567283
3398.30727536
3369.75295322
3345.36978137
3328.0166529
3326.34247614
3360.87742209
3473.86958354
3742.58958497
4292.52864759
5301.80238372
6983.51871528
9533.7282566
13043.9140698
17399.0587825
22205.9677467
26804.4420933
30391.1982249
32235.1989721
31908.3254776
29432.6887151
25276.0575352
20196.9505551
15010.2879596
10372.9377211
6664.07939777
3979.62027698
2208.80537119
1139.32587765
546.109304955
243.233155021
100.658582487
38.7024870123
13.8249484084
4.5877771219
1.41427411142
0.404982576292
0.107718448089
0.0266118391062
0.00610620378169
0.00130124884532
0.000257527522156
4.7330737659e-05
8.07796343686e-06
1.28021438671e-06
1.88395074417e-07
2.574226841e-08
3.26587480796e-09
3.84692157671e-10
4.20701892617e-11
4.27139562822e-12
4.02612088913e-13
3.52300764153e-14
2.86179682826e-15
2.15800132392e-16
1.51057445031e-17
9.81522941393e-19
5.91994363385e-20
3.31424723225e-21
1.72224271839e-22
8.30688732985e-24
3.71885826278e-25
1.54525993412e-26
5.95947157789e-28
2.13315455352e-29
7.08662896173e-31
2.18501620725e-32
6.25262455686e-34
1.66057388035e-35
4.09296424304e-37
9.3626246276e-39
1.98762048592e-40
3.9159941437e-42
7.16011631515e-44
1.21496724842e-45
1.91325428085e-47
2.79602993503e-49
3.79201014153e-51
4.77258235948e-53
5.57431511658e-55
6.04201450522e-57
6.07746313141e-59
5.67298335725e-61
4.91414195995e-63
3.95029396576e-65
2.94683134517e-67
2.039971082e-69
1.31049211721e-71
7.81241629417e-74
4.32191152897e-76
2.21873247764e-78
1.05699197703e-80
4.67277958402e-83
1.91696854338e-85
7.29776792567e-88
2.5781003524e-90
8.45169234375e-93
2.57111238283e-95
7.25824172661e-98
1.90140350043e-100
4.6222048143e-103
1.04269115959e-105
2.18269679778e-108
4.23996213553e-111
7.64295057882e-114
1.27846933129e-116
1.98449255324e-119
2.85850039326e-122
3.82081851354e-125
4.73918539142e-128
5.45481346919e-131
5.82619243907e-134
5.77455169298e-137
5.31104613926e-140
4.53283662309e-143
3.58994750845e-146
2.63835986628e-149
1.79931722253e-152
1.13869559157e-155
0.0
0.0
0.0
0.0
0.0
0.0
0.0
0.0
0.0
0.0
0.0
0.0
0.0
0.0
0.0
0.0
0.0
0.0
0.0
0.0
0.0
0.0
0.0
0.0
0.0
0.0
0.0
0.0
0.0
0.0
0.0
0.0
0.0
0.0
0.0
0.0
0.0
0.0
0.0
0.0
0.0
0.0
0.0
0.0
0.0
0.0
0.0
0.0
0.0
0.0
0.0
0.0
0.0
0.0
0.0
0.0
0.0
0.0
0.0
0.0
0.0
0.0
0.0
0.0
0.0
0.0
0.0
0.0
0.0
0.0
0.0
0.0
0.0
0.0
0.0
0.0
0.0
0.0
0.0
0.0
0.0
0.0
0.0
0.0
0.0
0.0
0.0
0.0
0.0
0.0
0.0
0.0
0.0
0.0
0.0
0.0
0.0
0.0
0.0
0.0
0.0
0.0
0.0
0.0
0.0
0.0
0.0
0.0
0.0
0.0
0.0
0.0
0.0
0.0
0.0
0.0
0.0
0.0
0.0
0.0
0.0
0.0
0.0
0.0
0.0
0.0
0.0
0.0
0.0
0.0
0.0
0.0
0.0
0.0
0.0
0.0
0.0
0.0
0.0
0.0
0.0
0.0
0.0
0.0
0.0
0.0
0.0
0.0
0.0
0.0
0.0
0.0
0.0
0.0
0.0
0.0
0.0
0.0
0.0
0.0
0.0
0.0
0.0
0.0
0.0
0.0
0.0
0.0
0.0
0.0
0.0
0.0
0.0
0.0
0.0
0.0
0.0
0.0
0.0
0.0
0.0
0.0
0.0
0.0
0.0
0.0
0.0
0.0
0.0
0.0
0.0
0.0
0.0
0.0
0.0
0.0
0.0
0.0
0.0
0.0
0.0
0.0
0.0
0.0
0.0
0.0
0.0
0.0
0.0
0.0
0.0
0.0
0.0
0.0
0.0
0.0
0.0
0.0
0.0
0.0
0.0
0.0
0.0
0.0
0.0
0.0
0.0
0.0
0.0
0.0
0.0
0.0
0.0
0.0
0.0
0.0
0.0
0.0
0.0
0.0
0.0
0.0
0.0
0.0
0.0
0.0
0.0
0.0
0.0
0.0
0.0
0.0
0.0
0.0
0.0
0.0
0.0
0.0
0.0
0.0
0.0
0.0
0.0
0.0
0.0
0.0
0.0
0.0
0.0
0.0
0.0
0.0
0.0
0.0
0.0
0.0
0.0
0.0
0.0
0.0
0.0
0.0
0.0
0.0
0.0
0.0
0.0
0.0
0.0
0.0
0.0
0.0
0.0
0.0
0.0
0.0
0.0
0.0
0.0
0.0
0.0
0.0
0.0
0.0
0.0
0.0
0.0
0.0
0.0
0.0
0.0
0.0
0.0
0.0
0.0
0.0
0.0
0.0
0.0
0.0
0.0
0.0
0.0
0.0
0.0
0.0
0.0
0.0
0.0
0.0
0.0
0.0
0.0
0.0
0.0
0.0
0.0
0.0
0.0
0.0
0.0
0.0
0.0
0.0
0.0
0.0
0.0
0.0
0.0
0.0
0.0
0.0
0.0
0.0
0.0
0.0
0.0
0.0
0.0
0.0
0.0
0.0
0.0
0.0
0.0
0.0
0.0
0.0
0.0
0.0
0.0
0.0
0.0
0.0
0.0
0.0
0.0
0.0
0.0
0.0
0.0
0.0
0.0
0.0
0.0
0.0
0.0
0.0
0.0
0.0
0.0
0.0
0.0
0.0
0.0
0.0
0.0
0.0
0.0
0.0
0.0
0.0
0.0
0.0
0.0
0.0
0.0
0.0
0.0
0.0
0.0
0.0
0.0
0.0
0.0
0.0
0.0
0.0
0.0
0.0
0.0
0.0
0.0
0.0
0.0
0.0
0.0
0.0
0.0
0.0
0.0
0.0
0.0
0.0
0.0
0.0
0.0
0.0
0.0
0.0
0.0
0.0
0.0
0.0
0.0
0.0
0.0
0.0
0.0
0.0
0.0
0.0
0.0
0.0
0.0
0.0
0.0
0.0
0.0
0.0
0.0
0.0
0.0
0.0
0.0
0.0
0.0
0.0
0.0
0.0
0.0
0.0
0.0
0.0
0.0
0.0
0.0
0.0
0.0
0.0
0.0
0.0
0.0
0.0
0.0
0.0
0.0
0.0
0.0
0.0
0.0
0.0
0.0
0.0
0.0
0.0
0.0
0.0
0.0
0.0
0.0
0.0
0.0
0.0
0.0
0.0
0.0
0.0
0.0
0.0
0.0
0.0
0.0
0.0
0.0
0.0
0.0
0.0
0.0
0.0
0.0
0.0
0.0
0.0
0.0
0.0
0.0
0.0
0.0
0.0
0.0
0.0
0.0
0.0
0.0
0.0
0.0
0.0
0.0
0.0
0.0
0.0
0.0
0.0
0.0
0.0
0.0
0.0
0.0
0.0
0.0
0.0
0.0
0.0
0.0
0.0
0.0
0.0
0.0
0.0
0.0
0.0
0.0
0.0
0.0
0.0
0.0
0.0
0.0
0.0
0.0
0.0
0.0
0.0
0.0
0.0
0.0
0.0
0.0
0.0
0.0
0.0
0.0
0.0
0.0
0.0
0.0
0.0
0.0
0.0
0.0
0.0
0.0
0.0
0.0
0.0
0.0
0.0
0.0
0.0
0.0
0.0
0.0
0.0
0.0
0.0
0.0
0.0
0.0
0.0
0.0
0.0
0.0
0.0
0.0
0.0
0.0
0.0
0.0
0.0
0.0
0.0
0.0
0.0
0.0
0.0
0.0
0.0
0.0
0.0
0.0
0.0
0.0
0.0
0.0
0.0
0.0
0.0
0.0
0.0
0.0
0.0
0.0
0.0
0.0
0.0
0.0
0.0
0.0
0.0
0.0
0.0
0.0
0.0
0.0
0.0
0.0
0.0
0.0
0.0
0.0
0.0
0.0
0.0
0.0
0.0
0.0
0.0
0.0
0.0
0.0
0.0
0.0
0.0